1.2469221527523081e-01
3.7469820009543559e-01
6.2658129118652239e-01
8.8163490354232521e-01
1.1412173719507497e+00
1.4067818725797669e+00
1.6799106573908837e+00
1.9623553940505123e+00
2.2560859158915165e+00
2.5633504333758346e+00
2.8867513459481282e+00
3.2293423864276440e+00
3.5947551914393032e+00
3.9873669444120199e+00
4.4125261808232752e+00
4.8768623579100145e+00
5.3887184175611322e+00
5.9587679629710495e+00
6.6009165682744246e+00
7.3336530671048674e+00
8.1821372636700840e+00
9.1815396486811558e+00
1.0382606982861684e+01
1.1861401459239437e+01
1.3737387097273116e+01
1.6209601878846431e+01
1.9636235738013649e+01
2.4733574724746987e+01
3.3172832498946498e+01
4.9967474912087098e+01
1.0018448944989036e+02
